225
127
172
168
234
138
28
101
109
179
219
247
96
61
8
133
11
107
263
151
217
191
126
152
264
134
39
210
46
252
10
38
14
43
228
102
114
215
246
42
108
9
186
146
23
100
253
214
149
257
121
221
30
4
229
200
31
192
52
231
92
94
212
18
260
66
261
265
47
76
135
119
259
206
249
256
222
145
123
155
136
122
233
124
230
235
55
141
49
89
213
207
161
202
165
240
5
154
189
142
79
262
71
156
63
251
2
116
25
24
13
216
82
83
183
110
112
84
36
128
111
26
20
227
162
181
68
144
93
169
1
163
87
184
223
64
166
19
182
140
95
35
97
40
254
178
238
22
99
44
6
164
132
118
117
248
211
113
150
59
80
51
48
158
208
196
236
180
120
34
125
197
81
171
137
237
188
32
12
198
201
50
21
115
98
16
129
224
226
75
37
167
203
147
106
205
204
242
232
185
65
56
58
175
90
177
70
241
159
33
41
148
60
190
218
187
173
3
153
245
62
74
77
174
67
258
57
104
239
78
54
91
157
143
15
244
160
255
53
170
69
195
45
139
86
27
73
7
194
72
250
88
199
243
220
130
29
105
209
193
17
131
176
85