113
217
25
47
73
243
203
95
214
98
205
117
9
201
206
184
196
15
53
92
173
219
141
50
259
44
161
66
249
146
241
60
158
254
67
78
182
166
134
235
21
151
19
250
93
198
115
11
104
123
174
150
247
7
138
64
246
133
172
155
97
248
236
82
96
221
193
71
108
84
225
130
125
43
192
257
256
239
28
62
5
251
2
230
179
29
51
178
218
126
52
252
56
17
46
131
13
227
1
199
89
186
61
137
152
233
165
58
80
23
59
231
114
202
183
194
200
226
167
212
164
170
100
238
223
216
57
39
69
121
156
45
147
106
185
77
75
107
127
36
228
85
263
265
94
213
22
14
232
209
191
76
33
81
101
153
224
30
109
197
86
91
177
128
163
35
32
99
154
215
120
124
204
142
211
72
148
195
175
145
162
168
83
87
74
6
8
160
54
136
260
16
245
229
88
42
143
12
41
157
253
144
149
20
210
102
258
118
264
140
10
3
90
34
242
79
31
55
207
26
122
18
38
40
234
48
70
169
37
135
176
112
188
262
63
111
261
244
220
171
237
4
65
255
129
190
105
68
49
240
187
139
116
222
189
180
132
181
208
24
27
119
159